 401  0 FBIS4-9713 0 63.99508 0 
 401  0 FR940526-1-00025 1 61.45413 0 
 401  0 FR940303-2-00167 2 59.46134 0 
 401  0 LA092189-0072 3 57.87852 0 
 401  0 FR940505-1-00510 4 52.262196 0 
 401  0 FR941026-0-00007 5 51.16855 0 
 401  0 FR940505-1-00511 6 50.243114 0 
 401  0 FR940505-1-00383 7 49.980804 0 
 401  0 FT923-6981 8 49.141888 0 
 401  0 FR940526-1-00024 9 45.93994 0 
 401  0 FR940617-0-00207 10 45.18538 0 
 401  0 FR940323-0-00106 11 44.8416 0 
 401  0 LA022690-0097 12 42.936672 0 
 401  0 LA032990-0164 13 42.814632 0 
 401  0 FT941-14343 14 42.64623 0 
 401  0 FT923-13130 15 40.01164 0 
 401  0 FT944-3827 16 39.363056 0 
 401  0 FT921-15789 17 38.043728 0 
 401  0 FR940106-1-00006 18 38.027603 0 
 401  0 FT932-3367 19 36.653625 0 
 401  0 LA122190-0127 20 34.870224 0 
 401  0 FT943-9413 21 34.221664 0 
 401  0 LA031290-0077 22 33.624184 0 
 401  0 FT934-5366 23 33.55535 0 
 401  0 FT931-12516 24 33.464283 0 
 401  0 FBIS3-19920 25 33.15393 0 
 401  0 FR940525-1-00027 26 32.753544 0 
 401  0 FR941117-0-00090 27 32.726646 0 
 401  0 FT944-661 28 32.47465 0 
 401  0 FR940323-0-00098 29 32.21204 0 
 401  0 FR941007-2-00060 30 31.866152 0 
 401  0 LA021590-0143 31 31.679169 0 
 401  0 FBIS3-42698 32 31.652113 0 
 401  0 FT933-11872 33 31.422136 0 
 401  0 FR941026-0-00002 34 31.20739 0 
 401  0 FT944-16891 35 31.135271 0 
 401  0 FT932-11400 36 31.097319 0 
 401  0 FT921-10361 37 30.720938 0 
 401  0 FT943-14119 38 30.590256 0 
 401  0 FR940527-1-00076 39 30.347721 0 
 401  0 FBIS3-30305 40 30.237982 0 
 401  0 FT943-3249 41 30.03037 0 
 401  0 FT921-6961 42 29.82977 0 
 401  0 FT932-3394 43 29.795206 0 
 401  0 FT944-10164 44 29.483818 0 
 401  0 FT923-4074 45 29.180119 0 
 401  0 FR940505-1-00512 46 29.078072 0 
 401  0 FT932-16951 47 29.062471 0 
 401  0 LA122789-0134 48 28.848188 0 
 401  0 FT934-15547 49 28.7057 0 
 401  0 FT921-15180 50 28.595537 0 
 401  0 FT923-13360 51 28.576363 0 
 401  0 FT933-15633 52 28.576363 0 
 401  0 FR940913-1-00009 53 28.576363 0 
 401  0 FBIS3-28663 54 28.43744 0 
 401  0 FT924-7594 55 28.424675 0 
 401  0 FBIS4-40444 56 28.394583 0 
 401  0 FT931-14192 57 28.31617 0 
 401  0 FT931-13279 58 28.20791 0 
 401  0 FT943-16728 59 27.922318 0 
 401  0 FR940418-1-00017 60 27.907942 0 
 401  0 LA031990-0044 61 27.78899 0 
 401  0 FR940527-1-00196 62 27.543678 0 
 401  0 FR941012-0-00028 63 27.466835 0 
 401  0 FT944-17621 64 27.323101 0 
 401  0 FR941031-2-00089 65 27.287117 0 
 401  0 FT921-8316 66 27.270044 0 
 401  0 LA060490-0090 67 27.217228 0 
 401  0 LA050790-0095 68 27.209177 0 
 401  0 FR940720-0-00026 69 27.195635 0 
 401  0 FT941-12869 70 27.058739 0 
 401  0 LA121089-0244 71 26.919006 0 
 401  0 FT923-8729 72 26.861076 0 
 401  0 FBIS4-7315 73 26.832876 0 
 401  0 LA110890-0271 74 26.712717 0 
 401  0 FT921-15111 75 26.545858 0 
 401  0 FBIS3-42834 76 26.470469 0 
 401  0 FT923-11009 77 26.237986 0 
 401  0 FT923-2678 78 26.15959 0 
 401  0 FBIS3-40175 79 26.15959 0 
 401  0 FT942-3692 80 26.081682 0 
 401  0 FT921-8602 81 25.97009 0 
 401  0 FT921-5031 82 25.519266 0 
 401  0 FBIS4-41726 83 25.1743 0 
 401  0 FT944-5330 84 24.92508 0 
 401  0 FT933-5769 85 24.872705 0 
 401  0 FT934-14065 86 24.784142 0 
 401  0 FT911-287 87 24.712774 0 
 401  0 LA120789-0219 88 24.662273 0 
 401  0 FBIS3-47251 89 24.610292 0 
 401  0 FR940303-2-00178 90 24.328272 0 
 401  0 LA121089-0245 91 24.250265 0 
 401  0 FT932-10498 92 24.238087 0 
 401  0 LA013090-0161 93 24.230158 0 
 401  0 FR940802-2-00009 94 24.130861 0 
 401  0 FT923-11171 95 24.057817 0 
 401  0 FR940713-2-00045 96 23.954147 0 
 401  0 FR940224-1-00038 97 23.879911 0 
 401  0 FBIS3-50842 98 23.773512 0 
 401  0 FT944-15116 99 23.49952 0 
 401  0 FR940224-1-00037 100 23.472588 0 
 401  0 FT942-2533 101 23.377472 0 
 401  0 FT933-8459 102 23.184048 0 
 401  0 FT942-9330 103 23.134914 0 
 401  0 FT932-13022 104 22.984919 0 
 401  0 FR940505-1-00518 105 22.952257 0 
 401  0 FT923-13317 106 22.880798 0 
 401  0 FT933-10650 107 22.840088 0 
 401  0 FT934-11724 108 22.761774 0 
 401  0 FT923-12673 109 22.558556 0 
 401  0 FBIS4-42252 110 22.408333 0 
 401  0 FT941-17528 111 22.350452 0 
 401  0 FT941-15095 112 22.332792 0 
 401  0 FR941216-0-00049 113 22.251312 0 
 401  0 FBIS3-29171 114 22.251312 0 
 401  0 FT931-1439 115 22.222015 0 
 401  0 FR940216-0-00176 116 22.221046 0 
 401  0 FT942-5385 117 22.133018 0 
 401  0 FT943-10033 118 21.64401 0 
 401  0 FR940505-1-00516 119 21.410067 0 
 401  0 FR941012-0-00022 120 21.381546 0 
 401  0 FR940822-0-00074 121 21.3649 0 
 401  0 FT931-1382 122 21.340376 0 
 401  0 FT934-2815 123 21.308323 0 
 401  0 FR940810-0-00146 124 21.024323 0 
 401  0 LA121089-0142 125 20.900467 0 
 401  0 FT943-9610 126 20.809477 0 
 401  0 FBIS4-29761 127 20.501091 0 
 401  0 FT943-11727 128 20.476015 0 
 401  0 FR940505-1-00514 129 20.445997 0 
 401  0 FR940216-0-00177 130 20.288042 0 
 401  0 FT941-10150 131 20.28303 0 
 401  0 FT943-8152 132 20.256208 0 
 401  0 FT941-763 133 20.254648 0 
 401  0 FT943-9007 134 20.195211 0 
 401  0 FR940505-1-00165 135 20.06189 0 
 401  0 FBIS4-66065 136 20.028948 0 
 401  0 FR940912-1-00073 137 20.002502 0 
 401  0 LA011190-0118 138 19.942316 0 
 401  0 FT944-10432 139 19.725327 0 
 401  0 FT921-9139 140 19.725327 0 
 401  0 FR940719-2-00114 141 19.725327 0 
 401  0 FT941-17056 142 19.624084 0 
 401  0 FT932-2671 143 19.475245 0 
 401  0 LA071390-0100 144 19.462467 0 
 401  0 LA070290-0110 145 19.41275 0 
 401  0 FR940505-1-00513 146 19.360977 0 
 401  0 FT922-11941 147 19.35441 0 
 401  0 FT944-17808 148 19.339918 0 
 401  0 FR940610-1-00070 149 19.31708 0 
 401  0 FR940216-0-00040 150 19.198097 0 
 401  0 FR940527-1-00228 151 19.130423 0 
 401  0 FT931-16833 152 19.125856 0 
 401  0 FT921-3091 153 19.08716 0 
 401  0 FR940919-2-00050 154 19.067146 0 
 401  0 FT934-5886 155 19.006128 0 
 401  0 FR940803-2-00076 156 19.006128 0 
 401  0 FR940525-0-00025 157 18.975834 0 
 401  0 FT933-16417 158 18.967243 0 
 401  0 LA050789-0185 159 18.9617 0 
 401  0 FR941019-1-00024 160 18.941055 0 
 401  0 FR940414-0-00030 161 18.822609 0 
 401  0 FT922-1613 162 18.78209 0 
 401  0 FR940412-1-00030 163 18.684721 0 
 401  0 FT942-10230 164 18.676815 0 
 401  0 FT944-12143 165 18.650406 0 
 401  0 FBIS3-32624 166 18.60007 0 
 401  0 FT921-15897 167 18.574612 0 
 401  0 FT941-13714 168 18.545685 0 
 401  0 FT941-3077 169 18.337048 0 
 401  0 LA060790-0047 170 18.337048 0 
 401  0 FT941-2365 171 18.310284 0 
 401  0 FBIS4-6522 172 18.310284 0 
 401  0 FT923-2402 173 18.248655 0 
 401  0 FT922-8245 174 18.242617 0 
 401  0 FT924-2684 175 18.065191 0 
 401  0 LA062690-0078 176 18.043962 0 
 401  0 LA110589-0025 177 17.996273 0 
 401  0 FT942-11443 178 17.94283 0 
 401  0 FT932-538 179 17.858444 0 
 401  0 FR940928-0-00060 180 17.842411 0 
 401  0 LA050390-0041 181 17.842411 0 
 401  0 FR941227-2-00067 182 17.839937 0 
 401  0 FT943-10470 183 17.817493 0 
 401  0 FT941-7315 184 17.743628 0 
 401  0 FT944-16569 185 17.714373 0 
 401  0 FT942-11430 186 17.69928 0 
 401  0 FT922-1151 187 17.691868 0 
 401  0 FT931-14459 188 17.67049 0 
 401  0 FR940407-0-00008 189 17.604195 0 
 401  0 FT934-7530 190 17.464535 0 
 401  0 FT942-12603 191 17.396368 0 
 401  0 FT941-3026 192 17.294565 0 
 401  0 FT944-1032 193 17.23759 0 
 401  0 FT942-6410 194 17.232016 0 
 401  0 FT921-4547 195 17.212801 0 
 401  0 FT921-4321 196 17.132177 0 
 401  0 FR940607-0-00075 197 17.132177 0 
 401  0 FT944-14904 198 16.989689 0 
 401  0 FT932-12387 199 16.94395 0 
 401  0 FT941-12811 200 16.931973 0 
 401  0 FBIS4-38580 201 16.931973 0 
 401  0 FBIS4-53349 202 16.931973 0 
 401  0 FT934-2044 203 16.92778 0 
 401  0 LA062790-0011 204 16.86108 0 
 401  0 FR941019-1-00022 205 16.85116 0 
 401  0 FR940406-0-00188 206 16.691332 0 
 401  0 FT932-15351 207 16.684118 0 
 401  0 FT922-6751 208 16.59865 0 
 401  0 FT944-10301 209 16.587032 0 
 401  0 FT922-3143 210 16.57308 0 
 401  0 FT944-10730 211 16.561293 0 
 401  0 FT934-12204 212 16.550713 0 
 401  0 FR940810-0-00172 213 16.517517 0 
 401  0 FT934-15059 214 16.511702 0 
 401  0 FT941-9976 215 16.47144 0 
 401  0 FT944-5096 216 16.460625 0 
 401  0 FT911-1306 217 16.428093 0 
 401  0 FR941020-2-00143 218 16.37502 0 
 401  0 FT941-8830 219 16.363897 0 
 401  0 FT921-9765 220 16.182829 0 
 401  0 FT943-14879 221 16.127851 0 
 401  0 FT933-4355 222 16.12287 0 
 401  0 FBIS3-32983 223 16.009853 0 
 401  0 FT944-957 224 15.956517 0 
 401  0 FT944-101 225 15.895057 0 
 401  0 FT942-6043 226 15.822373 0 
 401  0 FBIS3-27933 227 15.803444 0 
 401  0 FT942-4564 228 15.797128 0 
 401  0 FR940216-0-00065 229 15.778117 0 
 401  0 FT923-7524 230 15.749033 0 
 401  0 FT932-3841 231 15.735402 0 
 401  0 FR940304-1-00142 232 15.695076 0 
 401  0 FT924-4737 233 15.680794 0 
 401  0 FR941216-0-00021 234 15.680794 0 
 401  0 FT933-12314 235 15.663784 0 
 401  0 FT922-8857 236 15.651239 0 
 401  0 FT942-5036 237 15.594595 0 
 401  0 FT943-10909 238 15.530787 0 
 401  0 FBIS4-44887 239 15.421141 0 
 401  0 FR941020-2-00144 240 15.357439 0 
 401  0 FT944-13123 241 15.341665 0 
 401  0 FBIS4-9728 242 15.33321 0 
 401  0 FT933-6595 243 15.231714 0 
 401  0 LA091089-0107 244 15.2209015 0 
 401  0 FBIS3-21193 245 15.145861 0 
 401  0 FBIS4-68664 246 15.127627 0 
 401  0 LA100189-0129 247 15.025028 0 
 401  0 FT944-9203 248 14.982179 0 
 401  0 FT921-11457 249 14.92518 0 
 401  0 FT941-13176 250 14.875147 0 
 401  0 FBIS4-22501 251 14.864906 0 
 401  0 FT942-7154 252 14.863575 0 
 401  0 FR941216-1-00163 253 14.767173 0 
 401  0 FT931-16730 254 14.716408 0 
 401  0 FT932-8562 255 14.714212 0 
 401  0 FR940406-1-00038 256 14.714212 0 
 401  0 FT941-2384 257 14.700617 0 
 401  0 FR940216-0-00203 258 14.616194 0 
 401  0 FR940505-1-00193 259 14.583147 0 
 401  0 FR941012-0-00039 260 14.583147 0 
 401  0 FT924-331 261 14.45867 0 
 401  0 FT943-7542 262 14.45867 0 
 401  0 FT922-4369 263 14.444538 0 
 401  0 FT923-9042 264 14.444538 0 
 401  0 FT941-15216 265 14.365506 0 
 401  0 FR941117-0-00156 266 14.361658 0 
 401  0 FR941206-1-00051 267 14.35615 0 
 401  0 FT923-3185 268 14.342891 0 
 401  0 FT934-32 269 14.294631 0 
 401  0 FR940304-1-00145 270 14.2909155 0 
 401  0 FT934-6984 271 14.275594 0 
 401  0 FR940607-2-00120 272 14.063114 0 
 401  0 FT941-9564 273 13.953303 0 
 401  0 FBIS3-61385 274 13.893679 0 
 401  0 FT931-7411 275 13.812703 0 
 401  0 FT921-2390 276 13.812703 0 
 401  0 FT911-1615 277 13.812703 0 
 401  0 FBIS4-33714 278 13.650354 0 
 401  0 FT941-5330 279 13.646213 0 
 401  0 LA051189-0108 280 13.6412735 0 
 401  0 FT911-533 281 13.639309 0 
 401  0 FBIS3-23782 282 13.630349 0 
 401  0 FR940110-2-00026 283 13.629718 0 
 401  0 FBIS3-49059 284 13.627381 0 
 401  0 FBIS4-20336 285 13.621835 0 
 401  0 FT924-3355 286 13.6050825 0 
 401  0 FT922-743 287 13.550364 0 
 401  0 FT943-13586 288 13.434411 0 
 401  0 FT911-2698 289 13.40727 0 
 401  0 FBIS3-42440 290 13.390346 0 
 401  0 FBIS3-59655 291 13.368275 0 
 401  0 FT921-817 292 13.365604 0 
 401  0 FT942-11958 293 13.284233 0 
 401  0 FBIS4-9502 294 13.283692 0 
 401  0 FT944-9208 295 13.26947 0 
 401  0 FR940407-0-00007 296 13.257385 0 
 401  0 FR941128-2-00060 297 13.2192335 0 
 401  0 FT934-16953 298 13.197605 0 
 401  0 FT921-16431 299 13.147755 0 
 401  0 FT921-1319 300 13.139797 0 
 401  0 FBIS4-18182 301 13.109308 0 
 401  0 FR940216-0-00204 302 13.0736885 0 
 401  0 FT932-13564 303 13.025387 0 
 401  0 FBIS4-53508 304 12.965777 0 
 401  0 FBIS3-10728 305 12.9630165 0 
 401  0 FBIS4-65361 306 12.947689 0 
 401  0 FBIS4-26675 307 12.941224 0 
 401  0 FBIS4-41445 308 12.92587 0 
 401  0 FBIS4-34087 309 12.920669 0 
 401  0 FT924-12880 310 12.919157 0 
 401  0 FBIS3-49772 311 12.904624 0 
 401  0 FBIS4-65212 312 12.876974 0 
 401  0 FBIS4-34324 313 12.876553 0 
 401  0 FT924-1179 314 12.835536 0 
 401  0 FBIS3-34364 315 12.812188 0 
 401  0 LA100189-0066 316 12.798007 0 
 401  0 FT932-540 317 12.775991 0 
 401  0 FT931-4378 318 12.772511 0 
 401  0 FT924-12860 319 12.767351 0 
 401  0 FR940830-2-00039 320 12.767351 0 
 401  0 FBIS3-18312 321 12.731803 0 
 401  0 FR941206-1-00073 322 12.730607 0 
 401  0 FR940407-0-00013 323 12.721096 0 
 401  0 FBIS4-7753 324 12.711718 0 
 401  0 FBIS3-39071 325 12.688571 0 
 401  0 FT942-8020 326 12.686021 0 
 401  0 FT923-4854 327 12.682919 0 
 401  0 LA022289-0132 328 12.67733 0 
 401  0 FBIS4-55650 329 12.651498 0 
 401  0 FT943-14618 330 12.641871 0 
 401  0 FBIS3-21483 331 12.62656 0 
 401  0 LA111589-0080 332 12.624687 0 
 401  0 FT941-16449 333 12.595286 0 
 401  0 LA120690-0083 334 12.583933 0 
 401  0 FT921-6184 335 12.583099 0 
 401  0 FT921-12218 336 12.583099 0 
 401  0 FT923-12965 337 12.575802 0 
 401  0 FBIS3-35964 338 12.5634985 0 
 401  0 FBIS3-15004 339 12.563471 0 
 401  0 FT911-3701 340 12.557241 0 
 401  0 LA050390-0248 341 12.55492 0 
 401  0 FT931-4877 342 12.525202 0 
 401  0 FBIS4-32957 343 12.504964 0 
 401  0 FBIS3-59182 344 12.476582 0 
 401  0 FBIS4-52150 345 12.46381 0 
 401  0 FBIS4-43270 346 12.463551 0 
 401  0 FR940203-0-00050 347 12.45862 0 
 401  0 FT924-7447 348 12.452514 0 
 401  0 FT941-4823 349 12.452514 0 
 401  0 FT924-11602 350 12.449469 0 
 401  0 FBIS3-14895 351 12.44801 0 
 401  0 FBIS3-37286 352 12.420716 0 
 401  0 FBIS4-43298 353 12.412402 0 
 401  0 LA033089-0121 354 12.411477 0 
 401  0 FT933-13106 355 12.363676 0 
 401  0 FT921-6993 356 12.3593445 0 
 401  0 FT931-2301 357 12.359113 0 
 401  0 FT924-6234 358 12.3429365 0 
 401  0 FT941-10112 359 12.339327 0 
 401  0 FR941021-0-00029 360 12.339327 0 
 401  0 FR940826-0-00096 361 12.339327 0 
 401  0 FBIS3-16382 362 12.301845 0 
 401  0 FT941-11219 363 12.29379 0 
 401  0 FBIS3-8131 364 12.288736 0 
 401  0 FT932-10870 365 12.284629 0 
 401  0 FT911-2432 366 12.267573 0 
 401  0 FBIS4-11628 367 12.260633 0 
 401  0 FT931-11889 368 12.258048 0 
 401  0 FT923-14501 369 12.215563 0 
 401  0 FT944-9426 370 12.214337 0 
 401  0 FBIS3-57042 371 12.203556 0 
 401  0 FBIS4-66274 372 12.180139 0 
 401  0 FT941-3506 373 12.176764 0 
 401  0 FT943-15133 374 12.1707 0 
 401  0 FBIS3-54460 375 12.16687 0 
 401  0 FT922-5338 376 12.13215 0 
 401  0 FBIS3-49272 377 12.105206 0 
 401  0 FT934-16698 378 12.100051 0 
 401  0 FBIS3-44795 379 12.071458 0 
 401  0 FBIS3-27833 380 12.071373 0 
 401  0 FBIS3-42998 381 12.058214 0 
 401  0 FBIS3-43036 382 12.058214 0 
 401  0 FT944-4981 383 12.023036 0 
 401  0 FT941-2324 384 11.991243 0 
 401  0 LA073189-0004 385 11.960511 0 
 401  0 FBIS4-44121 386 11.95286 0 
 401  0 FT921-12404 387 11.893274 0 
 401  0 FBIS4-8872 388 11.889684 0 
 401  0 FT923-13549 389 11.87817 0 
 401  0 FT934-3357 390 11.86909 0 
 401  0 FBIS3-9196 391 11.853128 0 
 401  0 FBIS4-56527 392 11.831553 0 
 401  0 FBIS4-42335 393 11.823199 0 
 401  0 FBIS4-20222 394 11.816857 0 
 401  0 LA050790-0082 395 11.816379 0 
 401  0 LA022689-0167 396 11.802481 0 
 401  0 FT932-7098 397 11.789288 0 
 401  0 LA082990-0110 398 11.786816 0 
 401  0 FT941-1748 399 11.776249 0 
 401  0 FT923-15355 400 11.772704 0 
 401  0 LA121489-0202 401 11.7607155 0 
 401  0 FT921-6495 402 11.733381 0 
 401  0 FT942-7942 403 11.732209 0 
 401  0 LA050790-0100 404 11.719892 0 
 401  0 FBIS3-61252 405 11.709826 0 
 401  0 LA020890-0120 406 11.706422 0 
 401  0 LA030890-0074 407 11.702998 0 
 401  0 FT943-15499 408 11.692766 0 
 401  0 FT942-12968 409 11.6811905 0 
 401  0 FBIS4-22662 410 11.678463 0 
 401  0 FT942-581 411 11.666541 0 
 401  0 FBIS3-34330 412 11.654548 0 
 401  0 FBIS4-42687 413 11.649979 0 
 401  0 FBIS3-61080 414 11.64151 0 
 401  0 FBIS4-43403 415 11.640814 0 
 401  0 FBIS4-16932 416 11.625257 0 
 401  0 FT931-7013 417 11.6196785 0 
 401  0 FT911-5283 418 11.588678 0 
 401  0 FBIS4-11052 419 11.576496 0 
 401  0 FBIS3-57864 420 11.555336 0 
 401  0 FBIS3-19144 421 11.546904 0 
 401  0 FBIS3-52782 422 11.540966 0 
 401  0 FBIS4-40866 423 11.539142 0 
 401  0 FBIS4-22562 424 11.533282 0 
 401  0 FBIS3-54215 425 11.519646 0 
 401  0 FT933-7088 426 11.509156 0 
 401  0 FBIS4-29678 427 11.499964 0 
 401  0 FT931-6608 428 11.492494 0 
 401  0 FT943-12367 429 11.492494 0 
 401  0 FT943-2400 430 11.492494 0 
 401  0 FT942-7864 431 11.492494 0 
 401  0 FT942-2224 432 11.492494 0 
 401  0 FBIS4-42779 433 11.482346 0 
 401  0 LA031989-0007 434 11.481249 0 
 401  0 FT922-5698 435 11.465747 0 
 401  0 LA060790-0193 436 11.465747 0 
 401  0 FBIS4-38431 437 11.455499 0 
 401  0 FT934-15926 438 11.44954 0 
 401  0 FBIS4-12971 439 11.44696 0 
 401  0 FT931-14139 440 11.444053 0 
 401  0 FR940224-2-00155 441 11.430405 0 
 401  0 FBIS4-9510 442 11.420841 0 
 401  0 FT933-2740 443 11.415992 0 
 401  0 FT941-15938 444 11.407933 0 
 401  0 FBIS4-42799 445 11.399483 0 
 401  0 FT944-4758 446 11.3862915 0 
 401  0 FT911-4193 447 11.377226 0 
 401  0 FT942-789 448 11.370771 0 
 401  0 FBIS3-7900 449 11.356893 0 
 401  0 FBIS3-18858 450 11.340544 0 
 401  0 FBIS4-49664 451 11.321732 0 
 401  0 FT933-13166 452 11.3129635 0 
 401  0 FBIS3-27717 453 11.308641 0 
 401  0 LA010189-0146 454 11.307171 0 
 401  0 FBIS4-66712 455 11.301243 0 
 401  0 FT933-79 456 11.298664 0 
 401  0 FBIS3-9861 457 11.298178 0 
 401  0 FT934-15074 458 11.29155 0 
 401  0 FBIS4-67817 459 11.287587 0 
 401  0 FBIS4-68248 460 11.287158 0 
 401  0 FT942-13775 461 11.286448 0 
 401  0 FBIS4-43419 462 11.280407 0 
 401  0 FBIS3-10542 463 11.276198 0 
 401  0 LA060990-0105 464 11.2696295 0 
 401  0 FT934-16021 465 11.2611885 0 
 401  0 FT921-12209 466 11.256248 0 
 401  0 FR940523-2-00014 467 11.255106 0 
 401  0 FT911-5207 468 11.244584 0 
 401  0 FBIS3-39022 469 11.231056 0 
 401  0 FBIS4-65774 470 11.223827 0 
 401  0 FBIS4-36339 471 11.205579 0 
 401  0 FT921-3579 472 11.195322 0 
 401  0 FT932-7839 473 11.195274 0 
 401  0 FT941-11420 474 11.190443 0 
 401  0 FR940810-0-00307 475 11.184367 0 
 401  0 FBIS3-28369 476 11.175952 0 
 401  0 FBIS3-7221 477 11.173051 0 
 401  0 FBIS4-31357 478 11.164808 0 
 401  0 FBIS4-16938 479 11.158198 0 
 401  0 FBIS4-7761 480 11.157956 0 
 401  0 FBIS4-44004 481 11.138154 0 
 401  0 FBIS4-20312 482 11.137226 0 
 401  0 FBIS3-31316 483 11.135156 0 
 401  0 FBIS3-21413 484 11.134627 0 
 401  0 FT944-8080 485 11.131113 0 
 401  0 FT933-14493 486 11.128575 0 
 401  0 FBIS3-21263 487 11.118648 0 
 401  0 FT924-3093 488 11.118121 0 
 401  0 FT944-6576 489 11.112293 0 
 401  0 FBIS4-8694 490 11.101174 0 
 401  0 LA051989-0148 491 11.097614 0 
 401  0 FBIS3-46211 492 11.096205 0 
 401  0 FBIS4-66162 493 11.09291 0 
 401  0 FT932-6199 494 11.088919 0 
 401  0 FT943-15440 495 11.088919 0 
 401  0 FBIS4-68444 496 11.088919 0 
 401  0 FT923-948 497 11.085812 0 
 401  0 FBIS3-54461 498 11.070487 0 
 401  0 FT941-14640 499 11.030736 0 
 401  0 FBIS4-51772 500 11.021567 0 
 401  0 FT931-2351 501 11.016874 0 
 401  0 FBIS3-49955 502 11.009165 0 
 401  0 FT933-1190 503 10.990188 0 
 401  0 FBIS3-20134 504 10.988495 0 
 401  0 FBIS3-61296 505 10.9881735 0 
 401  0 FT922-1501 506 10.976299 0 
 401  0 FT944-5961 507 10.968424 0 
 401  0 FT932-15793 508 10.967159 0 
 401  0 LA101990-0107 509 10.942279 0 
 401  0 FBIS4-19856 510 10.931139 0 
 401  0 FT943-3949 511 10.926254 0 
 401  0 FBIS4-68520 512 10.91494 0 
 401  0 FT923-6466 513 10.911911 0 
 401  0 FT923-7563 514 10.909716 0 
 401  0 FBIS4-62352 515 10.907194 0 
 401  0 FBIS3-15868 516 10.90581 0 
 401  0 FT932-12736 517 10.899582 0 
 401  0 FT934-5699 518 10.888296 0 
 401  0 FBIS3-41336 519 10.879761 0 
 401  0 FBIS4-59707 520 10.871047 0 
 401  0 FBIS3-22420 521 10.866027 0 
 401  0 FBIS4-10360 522 10.856895 0 
 401  0 FT942-4032 523 10.850672 0 
 401  0 FT941-3017 524 10.84623 0 
 401  0 FT923-448 525 10.841812 0 
 401  0 FBIS4-57311 526 10.83464 0 
 401  0 FBIS3-47887 527 10.821218 0 
 401  0 FBIS4-58457 528 10.811267 0 
 401  0 FBIS4-9271 529 10.810199 0 
 401  0 FBIS3-58323 530 10.804818 0 
 401  0 FBIS3-38017 531 10.788691 0 
 401  0 FBIS3-8456 532 10.786014 0 
 401  0 FBIS4-60769 533 10.782052 0 
 401  0 FT921-7297 534 10.778417 0 
 401  0 FT932-5887 535 10.777183 0 
 401  0 FT943-16999 536 10.76563 0 
 401  0 FT922-2810 537 10.753259 0 
 401  0 LA080190-0022 538 10.749926 0 
 401  0 FBIS4-36042 539 10.74717 0 
 401  0 FT944-8162 540 10.744326 0 
 401  0 FT941-7152 541 10.742443 0 
 401  0 FT924-1451 542 10.73607 0 
 401  0 FT932-4014 543 10.73607 0 
 401  0 FT921-13525 544 10.73607 0 
 401  0 FT942-15678 545 10.73607 0 
 401  0 FBIS4-2036 546 10.733073 0 
 401  0 FBIS4-43938 547 10.730135 0 
 401  0 FBIS4-49239 548 10.7252035 0 
 401  0 FBIS4-61173 549 10.7252035 0 
 401  0 LA031389-0011 550 10.721583 0 
 401  0 FT941-124 551 10.719929 0 
 401  0 FR941019-1-00019 552 10.704718 0 
 401  0 LA122489-0143 553 10.704554 0 
 401  0 FR941116-0-00086 554 10.700013 0 
 401  0 FBIS3-18096 555 10.69474 0 
 401  0 FT942-10748 556 10.694691 0 
 401  0 FT932-10807 557 10.687729 0 
 401  0 FBIS4-10315 558 10.684421 0 
 401  0 FBIS4-53818 559 10.676185 0 
 401  0 FT944-18756 560 10.675686 0 
 401  0 FT934-15161 561 10.674949 0 
 401  0 FR940825-2-00175 562 10.672342 0 
 401  0 FBIS4-55782 563 10.671279 0 
 401  0 FBIS3-42748 564 10.670784 0 
 401  0 FT931-7075 565 10.665831 0 
 401  0 FT944-7571 566 10.661577 0 
 401  0 FBIS4-55952 567 10.659786 0 
 401  0 FT942-10873 568 10.6561575 0 
 401  0 FBIS3-50680 569 10.652451 0 
 401  0 FBIS4-28522 570 10.647453 0 
 401  0 FBIS3-20653 571 10.634119 0 
 401  0 FBIS4-368 572 10.628866 0 
 401  0 FBIS4-61277 573 10.619913 0 
 401  0 FT944-9948 574 10.618056 0 
 401  0 LA060189-0123 575 10.605912 0 
 401  0 LA051389-0071 576 10.603829 0 
 401  0 FBIS4-19059 577 10.603219 0 
 401  0 FBIS3-42765 578 10.591336 0 
 401  0 FBIS4-10324 579 10.587732 0 
 401  0 FBIS3-9103 580 10.582525 0 
 401  0 LA091490-0156 581 10.577547 0 
 401  0 FBIS4-35111 582 10.576235 0 
 401  0 FBIS3-21365 583 10.57339 0 
 401  0 FT922-12120 584 10.570105 0 
 401  0 FBIS3-18720 585 10.566493 0 
 401  0 FBIS4-39046 586 10.565968 0 
 401  0 FR940207-2-00120 587 10.560549 0 
 401  0 FR940207-2-00145 588 10.560549 0 
 401  0 FT943-6482 589 10.558694 0 
 401  0 FT933-4720 590 10.55827 0 
 401  0 FBIS3-9667 591 10.553666 0 
 401  0 FBIS3-27774 592 10.54831 0 
 401  0 FT943-6220 593 10.545395 0 
 401  0 FBIS3-52919 594 10.537746 0 
 401  0 FBIS4-1829 595 10.527956 0 
 401  0 FBIS3-52555 596 10.5079975 0 
 401  0 FBIS3-10646 597 10.506594 0 
 401  0 FBIS3-40821 598 10.50354 0 
 401  0 FT942-13706 599 10.501252 0 
 401  0 FT944-11230 600 10.49961 0 
 401  0 FBIS3-23918 601 10.495491 0 
 401  0 FT923-13381 602 10.490455 0 
 401  0 FR940404-0-00078 603 10.490455 0 
 401  0 FBIS3-30764 604 10.482931 0 
 401  0 FT921-338 605 10.4791155 0 
 401  0 FBIS4-31026 606 10.474418 0 
 401  0 FBIS4-10441 607 10.4729185 0 
 401  0 LA081889-0028 608 10.470096 0 
 401  0 FBIS4-54679 609 10.468182 0 
 401  0 FT933-2131 610 10.447424 0 
 401  0 FT942-1905 611 10.443089 0 
 401  0 FBIS3-59204 612 10.441971 0 
 401  0 FBIS3-30385 613 10.426557 0 
 401  0 FT932-9444 614 10.420905 0 
 401  0 LA022490-0029 615 10.420739 0 
 401  0 FT932-8377 616 10.401874 0 
 401  0 FT922-10751 617 10.399666 0 
 401  0 FT931-10911 618 10.396416 0 
 401  0 FBIS4-14457 619 10.390257 0 
 401  0 FBIS3-61089 620 10.389219 0 
 401  0 LA090290-0052 621 10.377492 0 
 401  0 FBIS3-20008 622 10.36409 0 
 401  0 FBIS3-55346 623 10.360432 0 
 401  0 FBIS4-68506 624 10.358109 0 
 401  0 FT921-2554 625 10.354888 0 
 401  0 FT944-18913 626 10.349616 0 
 401  0 FT941-7838 627 10.348965 0 
 401  0 FT942-696 628 10.3478565 0 
 401  0 FBIS4-61159 629 10.335775 0 
 401  0 FT934-5036 630 10.335472 0 
 401  0 FBIS4-4707 631 10.33249 0 
 401  0 LA101389-0062 632 10.331806 0 
 401  0 FT923-9836 633 10.330282 0 
 401  0 FBIS3-24411 634 10.328227 0 
 401  0 FR940825-2-00174 635 10.327963 0 
 401  0 LA061790-0019 636 10.325022 0 
 401  0 FT922-9883 637 10.324286 0 
 401  0 FR940216-0-00136 638 10.3241825 0 
 401  0 FT924-666 639 10.323225 0 
 401  0 FT933-11254 640 10.311374 0 
 401  0 FT934-12063 641 10.307892 0 
 401  0 LA050890-0118 642 10.306242 0 
 401  0 FBIS3-40641 643 10.305831 0 
 401  0 FBIS3-9071 644 10.304645 0 
 401  0 FT941-1067 645 10.302257 0 
 401  0 FR941019-2-00029 646 10.298046 0 
 401  0 FT941-17131 647 10.296694 0 
 401  0 FBIS4-54303 648 10.284452 0 
 401  0 FT931-9184 649 10.282756 0 
 401  0 FBIS3-30836 650 10.281454 0 
 401  0 FT923-3629 651 10.278074 0 
 401  0 FBIS3-10291 652 10.276756 0 
 401  0 LA032989-0029 653 10.269817 0 
 401  0 FBIS4-20286 654 10.268072 0 
 401  0 FT942-10780 655 10.263042 0 
 401  0 LA080590-0083 656 10.262102 0 
 401  0 FBIS4-58615 657 10.260295 0 
 401  0 FBIS4-40608 658 10.260078 0 
 401  0 FBIS4-47807 659 10.2529745 0 
 401  0 FBIS3-11750 660 10.24625 0 
 401  0 FBIS4-42969 661 10.245121 0 
 401  0 FBIS3-49531 662 10.242541 0 
 401  0 LA102589-0122 663 10.24154 0 
 401  0 FBIS4-42313 664 10.237414 0 
 401  0 FT941-5442 665 10.236598 0 
 401  0 FBIS4-36183 666 10.234707 0 
 401  0 FBIS4-61327 667 10.226779 0 
 401  0 FT944-7306 668 10.226639 0 
 401  0 FBIS4-7912 669 10.224535 0 
 401  0 FBIS3-47187 670 10.215607 0 
 401  0 FBIS4-25008 671 10.211079 0 
 401  0 FT941-13321 672 10.210012 0 
 401  0 FT923-13276 673 10.209024 0 
 401  0 FT934-15613 674 10.20224 0 
 401  0 FBIS3-35881 675 10.2013035 0 
 401  0 FT934-14404 676 10.200299 0 
 401  0 FT924-1376 677 10.199395 0 
 401  0 FT931-13350 678 10.19798 0 
 401  0 FBIS4-7956 679 10.19798 0 
 401  0 FBIS4-15397 680 10.19798 0 
 401  0 FBIS4-20898 681 10.19798 0 
 401  0 LA121889-0117 682 10.19583 0 
 401  0 FR940112-0-00021 683 10.194007 0 
 401  0 FT923-9518 684 10.19362 0 
 401  0 FBIS4-31075 685 10.19362 0 
 401  0 FBIS3-45683 686 10.188565 0 
 401  0 FT944-17973 687 10.186029 0 
 401  0 LA043089-0068 688 10.183495 0 
 401  0 FT923-14316 689 10.179667 0 
 401  0 FBIS3-5331 690 10.176715 0 
 401  0 FBIS4-7732 691 10.17479 0 
 401  0 FBIS4-782 692 10.1743355 0 
 401  0 FBIS3-38881 693 10.174063 0 
 401  0 FT941-4260 694 10.173862 0 
 401  0 FBIS3-49426 695 10.171126 0 
 401  0 FBIS3-58244 696 10.16198 0 
 401  0 LA083089-0078 697 10.156815 0 
 401  0 FBIS4-17504 698 10.149393 0 
 401  0 FBIS4-51026 699 10.145012 0 
 401  0 FT923-1903 700 10.138084 0 
 401  0 FBIS3-48861 701 10.135534 0 
 401  0 LA020990-0131 702 10.134701 0 
 401  0 FT921-21 703 10.132303 0 
 401  0 FT933-10422 704 10.129147 0 
 401  0 FBIS3-56992 705 10.126538 0 
 401  0 FBIS4-4414 706 10.123509 0 
 401  0 FBIS4-7479 707 10.120171 0 
 401  0 FBIS4-41963 708 10.120171 0 
 401  0 FBIS4-13656 709 10.118618 0 
 401  0 FBIS4-30876 710 10.11411 0 
 401  0 FBIS4-18776 711 10.113863 0 
 401  0 FT934-12307 712 10.106121 0 
 401  0 FR941121-0-00003 713 10.10578 0 
 401  0 FT943-16174 714 10.096059 0 
 401  0 FBIS4-52683 715 10.095107 0 
 401  0 FT931-7174 716 10.093707 0 
 401  0 FT943-10403 717 10.093707 0 
 401  0 FT943-4864 718 10.093707 0 
 401  0 FT942-11057 719 10.093707 0 
 401  0 FBIS3-24235 720 10.093089 0 
 401  0 FT942-3339 721 10.092912 0 
 401  0 FBIS3-38012 722 10.0914545 0 
 401  0 FT944-4078 723 10.089026 0 
 401  0 FBIS4-36257 724 10.082092 0 
 401  0 FT924-3920 725 10.074953 0 
 401  0 FT924-8670 726 10.073164 0 
 401  0 FBIS4-65557 727 10.06523 0 
 401  0 FBIS4-67324 728 10.06523 0 
 401  0 LA101689-0088 729 10.064252 0 
 401  0 FT932-2214 730 10.058956 0 
 401  0 FT931-9124 731 10.057997 0 
 401  0 FBIS3-20037 732 10.056721 0 
 401  0 FBIS3-49879 733 10.054406 0 
 401  0 FT933-15822 734 10.049702 0 
 401  0 FT941-14314 735 10.047675 0 
 401  0 FBIS3-18099 736 10.0467615 0 
 401  0 LA051989-0006 737 10.04585 0 
 401  0 FBIS3-34437 738 10.045221 0 
 401  0 FT924-1486 739 10.038206 0 
 401  0 FBIS4-66215 740 10.0365715 0 
 401  0 FBIS4-37352 741 10.0364065 0 
 401  0 FT941-7522 742 10.033797 0 
 401  0 FBIS3-9857 743 10.025514 0 
 401  0 FT924-14243 744 10.023748 0 
 401  0 FBIS3-38573 745 10.0209465 0 
 401  0 FT933-13841 746 10.02053 0 
 401  0 FBIS3-14877 747 10.020192 0 
 401  0 FR940503-1-00076 748 10.019943 0 
 401  0 LA060889-0005 749 10.01988 0 
 401  0 FBIS3-4461 750 10.01988 0 
 401  0 FBIS3-51689 751 10.019632 0 
 401  0 FBIS3-40082 752 10.017237 0 
 401  0 FBIS4-5764 753 10.017112 0 
 401  0 FBIS3-20716 754 10.016264 0 
 401  0 FT921-2064 755 10.016122 0 
 401  0 FT911-2435 756 10.011964 0 
 401  0 FT923-1813 757 10.011599 0 
 401  0 FT942-13169 758 10.010073 0 
 401  0 FBIS3-27499 759 10.009152 0 
 401  0 LA040689-0044 760 10.0068035 0 
 401  0 FT942-3588 761 10.006443 0 
 401  0 FT933-16636 762 10.003336 0 
 401  0 FR940202-0-00088 763 10.0024 0 
 401  0 FT924-13959 764 9.99651 0 
 401  0 FBIS4-42668 765 9.993826 0 
 401  0 FBIS4-33733 766 9.992971 0 
 401  0 LA040290-0010 767 9.992081 0 
 401  0 FBIS4-22660 768 9.989456 0 
 401  0 FBIS4-24574 769 9.980304 0 
 401  0 FBIS4-2973 770 9.979591 0 
 401  0 FBIS4-15445 771 9.977218 0 
 401  0 FT934-14726 772 9.976604 0 
 401  0 LA072390-0142 773 9.9755335 0 
 401  0 FBIS3-27488 774 9.974473 0 
 401  0 FBIS3-42932 775 9.96914 0 
 401  0 FT934-5071 776 9.962578 0 
 401  0 FT943-595 777 9.948189 0 
 401  0 FBIS4-45950 778 9.94783 0 
 401  0 FBIS4-65383 779 9.946425 0 
 401  0 FBIS4-42552 780 9.944374 0 
 401  0 FBIS4-61659 781 9.939217 0 
 401  0 FT944-5952 782 9.938019 0 
 401  0 FBIS3-59311 783 9.934812 0 
 401  0 FBIS4-45156 784 9.934663 0 
 401  0 FBIS4-27790 785 9.934005 0 
 401  0 FT921-12587 786 9.933556 0 
 401  0 FBIS3-58671 787 9.929794 0 
 401  0 FBIS4-64471 788 9.925168 0 
 401  0 FBIS3-19155 789 9.924391 0 
 401  0 LA111489-0032 790 9.924257 0 
 401  0 FBIS4-30693 791 9.923501 0 
 401  0 FBIS3-16677 792 9.920725 0 
 401  0 FBIS4-62612 793 9.920725 0 
 401  0 FBIS4-40596 794 9.920669 0 
 401  0 FT933-1827 795 9.920019 0 
 401  0 FBIS4-3205 796 9.919862 0 
 401  0 FT941-13743 797 9.919852 0 
 401  0 FBIS3-40770 798 9.917497 0 
 401  0 FR940207-2-00140 799 9.915989 0 
 401  0 FBIS4-66118 800 9.913921 0 
 401  0 FBIS3-28792 801 9.913665 0 
 401  0 FT921-11259 802 9.908003 0 
 401  0 FBIS4-51051 803 9.907242 0 
 401  0 FT924-1125 804 9.905749 0 
 401  0 FBIS4-39239 805 9.903043 0 
 401  0 FBIS4-31701 806 9.9020605 0 
 401  0 FBIS4-55634 807 9.9020605 0 
 401  0 FBIS4-54837 808 9.899792 0 
 401  0 FBIS3-21624 809 9.896545 0 
 401  0 FBIS3-33379 810 9.896545 0 
 401  0 FBIS4-14545 811 9.894093 0 
 401  0 FBIS4-65201 812 9.893849 0 
 401  0 FBIS4-67595 813 9.893849 0 
 401  0 FBIS3-57230 814 9.893799 0 
 401  0 FBIS3-9927 815 9.885819 0 
 401  0 FBIS3-18433 816 9.8815 0 
 401  0 FT943-3022 817 9.881145 0 
 401  0 FBIS3-47561 818 9.877712 0 
 401  0 LA100589-0072 819 9.876796 0 
 401  0 FT934-7963 820 9.871126 0 
 401  0 FBIS4-22637 821 9.861512 0 
 401  0 FBIS4-2472 822 9.853988 0 
 401  0 FT924-9790 823 9.850315 0 
 401  0 FBIS3-49403 824 9.848849 0 
 401  0 FBIS3-40309 825 9.848248 0 
 401  0 FT933-8723 826 9.843659 0 
 401  0 FT942-11481 827 9.842502 0 
 401  0 LA042589-0143 828 9.842323 0 
 401  0 FBIS4-32331 829 9.841486 0 
 401  0 LA071689-0094 830 9.83943 0 
 401  0 FT922-14762 831 9.836061 0 
 401  0 FT932-3319 832 9.835902 0 
 401  0 FBIS4-62202 833 9.8323345 0 
 401  0 FBIS3-33899 834 9.83112 0 
 401  0 FT941-16281 835 9.830137 0 
 401  0 FR940111-0-00021 836 9.826496 0 
 401  0 FBIS4-41247 837 9.82396 0 
 401  0 FBIS4-9511 838 9.819552 0 
 401  0 LA050490-0030 839 9.811108 0 
 401  0 FBIS3-55047 840 9.805623 0 
 401  0 FBIS4-34033 841 9.805623 0 
 401  0 FT924-15269 842 9.804698 0 
 401  0 FT934-4922 843 9.802401 0 
 401  0 FR940429-0-00026 844 9.801796 0 
 401  0 FBIS3-23777 845 9.800398 0 
 401  0 FBIS4-57021 846 9.798597 0 
 401  0 FBIS4-7810 847 9.797191 0 
 401  0 LA091490-0157 848 9.793136 0 
 401  0 FBIS3-42022 849 9.789684 0 
 401  0 FBIS3-56491 850 9.789684 0 
 401  0 FT922-10793 851 9.788031 0 
 401  0 FBIS4-13437 852 9.788031 0 
 401  0 FBIS4-28719 853 9.78596 0 
 401  0 LA052390-0110 854 9.785813 0 
 401  0 FBIS3-9156 855 9.784368 0 
 401  0 FBIS3-57021 856 9.78436 0 
 401  0 FT924-14994 857 9.782594 0 
 401  0 LA010589-0071 858 9.7783785 0 
 401  0 LA052289-0054 859 9.77412 0 
 401  0 FT941-3677 860 9.770006 0 
 401  0 FBIS4-61224 861 9.7593775 0 
 401  0 FBIS4-44461 862 9.759213 0 
 401  0 FT921-642 863 9.750213 0 
 401  0 FBIS4-27911 864 9.738472 0 
 401  0 FT933-12130 865 9.73546 0 
 401  0 LA102190-0034 866 9.735115 0 
 401  0 FBIS4-11207 867 9.733453 0 
 401  0 FBIS3-58675 868 9.73184 0 
 401  0 FBIS3-32327 869 9.730311 0 
 401  0 FT941-801 870 9.728461 0 
 401  0 FBIS3-59279 871 9.725111 0 
 401  0 FT922-11060 872 9.724813 0 
 401  0 FT923-7080 873 9.72425 0 
 401  0 FBIS4-42059 874 9.721823 0 
 401  0 FBIS3-30467 875 9.719281 0 
 401  0 LA090390-0070 876 9.716864 0 
 401  0 FBIS4-19852 877 9.715865 0 
 401  0 LA121489-0030 878 9.715085 0 
 401  0 FR940207-2-00125 879 9.714889 0 
 401  0 FBIS4-64764 880 9.711803 0 
 401  0 FBIS4-47059 881 9.711791 0 
 401  0 FBIS4-65554 882 9.706421 0 
 401  0 FT943-5381 883 9.703899 0 
 401  0 FT933-1229 884 9.703476 0 
 401  0 FT943-7458 885 9.703301 0 
 401  0 LA033189-0028 886 9.702455 0 
 401  0 FT924-15356 887 9.69919 0 
 401  0 FT924-2233 888 9.698884 0 
 401  0 FBIS3-34551 889 9.697882 0 
 401  0 FBIS3-2122 890 9.69593 0 
 401  0 FR941019-2-00126 891 9.69475 0 
 401  0 FBIS4-38888 892 9.694355 0 
 401  0 FBIS4-34964 893 9.6930685 0 
 401  0 FBIS4-31965 894 9.691715 0 
 401  0 LA050390-0127 895 9.686802 0 
 401  0 FBIS4-59738 896 9.686692 0 
 401  0 FT924-7866 897 9.681683 0 
 401  0 FT941-16242 898 9.6807165 0 
 401  0 LA110690-0159 899 9.678543 0 
 401  0 FR940916-1-00080 900 9.675577 0 
 401  0 LA071189-0053 901 9.671803 0 
 401  0 FBIS3-59300 902 9.670909 0 
 401  0 FT923-13572 903 9.665222 0 
 401  0 FT932-9813 904 9.661311 0 
 401  0 FBIS4-54585 905 9.660781 0 
 401  0 FT922-4434 906 9.660669 0 
 401  0 FBIS4-54574 907 9.660551 0 
 401  0 FT924-12731 908 9.658167 0 
 401  0 FR940111-0-00031 909 9.657861 0 
 401  0 FT941-2368 910 9.657576 0 
 401  0 FBIS3-31042 911 9.651737 0 
 401  0 FBIS3-45382 912 9.64994 0 
 401  0 FBIS4-21365 913 9.64893 0 
 401  0 FBIS3-2246 914 9.644933 0 
 401  0 FBIS3-11656 915 9.643742 0 
 401  0 FBIS4-33029 916 9.643704 0 
 401  0 FBIS4-59710 917 9.641517 0 
 401  0 FT922-13435 918 9.638111 0 
 401  0 FBIS3-44769 919 9.634965 0 
 401  0 FBIS3-14734 920 9.634605 0 
 401  0 FT924-15848 921 9.631226 0 
 401  0 FT933-972 922 9.627491 0 
 401  0 FT944-2887 923 9.626961 0 
 401  0 FBIS3-55391 924 9.626599 0 
 401  0 FBIS4-10011 925 9.62261 0 
 401  0 FR940328-0-00059 926 9.614067 0 
 401  0 FBIS4-9136 927 9.613385 0 
 401  0 FBIS3-51773 928 9.611059 0 
 401  0 FT934-3355 929 9.60598 0 
 401  0 FT924-7364 930 9.602835 0 
 401  0 FBIS4-21178 931 9.602805 0 
 401  0 FBIS4-43993 932 9.599235 0 
 401  0 FBIS4-18932 933 9.593883 0 
 401  0 FBIS4-18945 934 9.593883 0 
 401  0 FBIS4-4356 935 9.593258 0 
 401  0 FBIS4-36344 936 9.591576 0 
 401  0 FT932-3431 937 9.591195 0 
 401  0 FBIS3-57893 938 9.590412 0 
 401  0 FT923-2765 939 9.590151 0 
 401  0 FT922-2049 940 9.589694 0 
 401  0 FT941-1100 941 9.588326 0 
 401  0 FT933-6216 942 9.583153 0 
 401  0 FBIS3-7993 943 9.582112 0 
 401  0 FT934-16255 944 9.579496 0 
 401  0 FT942-17636 945 9.575823 0 
 401  0 FT942-17645 946 9.575823 0 
 401  0 LA102990-0069 947 9.573457 0 
 401  0 FT933-1427 948 9.57195 0 
 401  0 FT922-3545 949 9.569445 0 
 401  0 FT932-4378 950 9.569445 0 
 401  0 FT941-15575 951 9.567984 0 
 401  0 LA053189-0013 952 9.566864 0 
 401  0 FR940429-0-00061 953 9.5663595 0 
 401  0 FT943-13719 954 9.565544 0 
 401  0 FBIS4-66236 955 9.560909 0 
 401  0 LA102890-0073 956 9.560607 0 
 401  0 FT932-4291 957 9.559362 0 
 401  0 LA080790-0092 958 9.558596 0 
 401  0 FBIS3-53119 959 9.558234 0 
 401  0 FBIS4-4040 960 9.553035 0 
 401  0 FT942-12880 961 9.552452 0 
 401  0 FBIS3-13851 962 9.549988 0 
 401  0 FBIS3-42635 963 9.5490055 0 
 401  0 LA120790-0034 964 9.546933 0 
 401  0 FBIS3-8806 965 9.546933 0 
 401  0 FBIS3-38559 966 9.543479 0 
 401  0 FBIS4-4980 967 9.542006 0 
 401  0 FT933-16220 968 9.538406 0 
 401  0 FR940721-0-00078 969 9.536462 0 
 401  0 FBIS3-9423 970 9.534491 0 
 401  0 FBIS4-18387 971 9.534457 0 
 401  0 LA062790-0098 972 9.532096 0 
 401  0 FBIS4-6043 973 9.532096 0 
 401  0 FT942-126 974 9.53207 0 
 401  0 FBIS4-16605 975 9.531829 0 
 401  0 FT941-2922 976 9.529887 0 
 401  0 LA110890-0002 977 9.529887 0 
 401  0 FT923-15530 978 9.528538 0 
 401  0 FT943-12502 979 9.5279 0 
 401  0 FT944-10637 980 9.52472 0 
 401  0 FT922-97 981 9.523873 0 
 401  0 FT934-9166 982 9.523873 0 
 401  0 FT923-11707 983 9.522445 0 
 401  0 FBIS4-20750 984 9.522237 0 
 401  0 FBIS4-64533 985 9.519885 0 
 401  0 FT934-9921 986 9.519817 0 
 401  0 FBIS4-7743 987 9.517854 0 
 401  0 FBIS3-9703 988 9.51747 0 
 401  0 FT932-10713 989 9.513789 0 
 401  0 FT944-12207 990 9.513481 0 
 401  0 FBIS3-51310 991 9.513314 0 
 401  0 FBIS4-18966 992 9.513166 0 
 401  0 FBIS4-19799 993 9.512157 0 
 401  0 FT934-5309 994 9.512093 0 
 401  0 FBIS3-15804 995 9.511237 0 
 401  0 FBIS4-39247 996 9.509638 0 
 401  0 FT921-3667 997 9.506733 0 
 401  0 FBIS4-47944 998 9.501114 0 
 401  0 FT923-14513 999 9.497159 0 
